id:405
Product Name:pqr
CalculateDiscount:2162.162109375
claculateTax740.0000095367432
Cost:2577.837900161743